0025629
0025630
0025631
0025632
0025633
0025634
0025635
0025636
0025637
0025638
0025639
0025640
0025641
0025642
0025643
0025644
0025645
0025646
0025647
0025648
0025649
0025650
0025651
0025652
0025653
0025655
0025656
0025657
0025658
0025659
0025660
0025661
0025662
0025663
0025664
0025665
0025666
0025667
0025668
0025669
0025670
0025671
0025672
0025673
0025674
0025675
0025676
0025677
0025678
0025679
0025680
0025681
0025682
0025683
0025684
0025685
0025686
0025687
0025688
0025689
0025690
0025691
0025692
0025693
0025694
0025695
0025696
0025697
0025698
0025699
0025700
0025701
0025702
0025703
0025704
0025705
0025706
0025707
0025708
0025709
0025710
0025711
0025712
0025713
0025714
0025715
0025716
0025717
0025718
0025719
0025720
0025721
0025722
0025723
0025724
0025725
0025726
0025727
0025728
0025729
0025730
0025731
0025732
0025733
0025734
0025735
0025736
0025737
0025738
0025739
0025740
0025741
0025742
0025743
0025744
0025745
0025746
0025747
0025748
0025749
0025750
0025751
0025752
0025753
0025756
0025757
0025758
0025759
0025760
0025761
0025762
0025763
0025764
0025765
0025766
0025767
0025768
0025769
0025770
0025771
0025772
0025773
0025774
0025775
0025776
0025777
0025778
0025779
0025780
0025781
0025782
0025783
0025784
0025785
0025786
0025787
0025788
0025794
0025795
0025796
0025797
0025798
0025799
0025800
0025801
0025802
0025803
0025804
0025805
0025806
0025807
0025808
0025809
0025810
0025811
0025812
0025813
0025814
0025815
0025816
0025817
0025818
0025819
0025820
0025821
0025822
0025823
0025824
0025825
0025826
0025827
0025828
0025829
0025830
0025831
0025832
0025833
0025834
0025835
0025836
0025837
0025838
0025839
0025840
0025841
0025842
0025843
0025844
0025845
0025846
0025847
0025848
0025849
0025850
0025851
0025852
0025853
0025854
0025855
0025856
0025857
0025858
0025859
0025860
0025861
0025862
0025863
